x: 210.04412030665432
y: 8.0
z: 409.14679496480124
pitch: 6.3139634
yaw: -180.23503
world: LOBBY
