lastAccountName: Mc_Cim
timestamps:
  login: 1535127477198
  logout: 1535139550669
  lastteleport: 1535138405271
ipAddress: 25.52.101.67
lastlocation:
  world: world_nether
  x: 500.3443575143444
  y: 61.860580059040544
  z: -207.2374608021631
  yaw: -76.333984
  pitch: 28.050028
money: '1000000049'
logoutlocation:
  world: world
  x: 105.47404210860365
  y: 82.21116792359518
  z: -23.656782662100213
  yaw: -159.16016
  pitch: 65.699844
