lastAccountName: NewKoaal
timestamps:
  login: 1549655261020
  logout: 1549658125518
  lastteleport: 1535153822480
ipAddress: 127.0.0.1
lastlocation:
  world: world
  x: 14.0
  y: 74.0
  z: -15.5
  yaw: 0.0
  pitch: 0.0
logoutlocation:
  world: world
  x: 23.67002743155011
  y: 83.3527813296469
  z: 3.2046259611069274
  yaw: -75.59155
  pitch: 28.43471
money: '10000000049.0'
