lastAccountName: fire64504
timestamps:
  login: 1535134670816
  logout: 1535138292127
  lastteleport: 1535135651219
ipAddress: 25.57.250.204
lastlocation:
  world: world
  x: 1.033979764970578
  y: 75.14940570269128
  z: 2.2683824665043386
  yaw: -12.6831875
  pitch: 25.349974
logoutlocation:
  world: world_nether
  x: 488.30523177472935
  y: 53.370392043708485
  z: -210.4482724329729
  yaw: -107.089355
  pitch: 9.900047
nickname: Fire64504
money: '1000000049'
