spawns: 
  default: 
    world: world
    x: 0.003433074485738985
    y: 75.0
    z: 0.3109795500803195
    yaw: -0.956662
    pitch: -0.19133961
