world: fac
x: -734.7489073851352
y: 169.0
z: -5917.32590443007
yaw: -7.5189514
pitch: 18.449976
name: enchant
