world: world
x: 0.1572473191725644
y: 75.0
z: -0.07342992217514122
yaw: -91.456856
pitch: -0.5002174
name: Faction
