world: fac
x: -730.7826305358724
y: 170.0625
z: -5882.98663594721
yaw: -184.21912
pitch: 17.699984
name: minage
