world: world_nether
x: 502.88694485747584
y: 33.0
z: -207.4291434765735
yaw: -271.7683
pitch: 10.949972
name: nether
