lobby:
  world: LOBBY
  x: 209.97372590929322
  y: 8.0
  z: 408.8053428863788
  yaw: 179.8524932861328
  pi: 7.869955539703369
